0 11 11 8 11 8 8 11 11 12 8 11 8 11 11 12 12 11 7 12 11 8 12 11 7 8 12 11 12 11 11
11 0 8 11 8 11 11 8 12 11 11 8 11 8 12 11 11 12 12 7 8 11 11 12 8 7 11 12 11 12 12
11 8 0 11 8 11 11 8 8 11 11 12 11 12 8 11 7 12 12 11 12 11 11 8 12 11 7 8 11 12 12
8 11 11 0 11 8 8 11 11 8 12 11 12 11 11 8 12 7 11 12 11 12 8 11 11 12 8 7 12 11 11
11 8 8 11 0 11 11 8 8 11 11 12 11 12 8 11 11 8 12 11 12 11 7 12 12 11 11 12 7 8 12
8 11 11 8 11 0 8 11 11 8 12 11 12 11 11 8 8 11 11 12 11 12 12 7 11 12 12 11 8 7 11
8 11 11 8 11 8 0 11 11 12 8 11 8 11 11 12 12 11 11 8 7 12 12 11 11 12 12 11 12 11 7
11 8 8 11 8 11 11 0 12 11 11 8 11 8 12 11 11 12 8 11 12 7 11 12 12 11 11 12 11 12 8
11 12 8 11 8 11 11 12 0 11 11 8 11 8 8 11 7 8 12 11 12 11 11 12 12 11 7 12 11 8 12
12 11 11 8 11 8 12 11 11 0 8 11 8 11 11 8 8 7 11 12 11 12 12 11 11 12 12 7 8 11 11
8 11 11 12 11 12 8 11 11 8 0 11 8 11 11 8 12 11 7 8 11 12 12 11 7 12 12 11 12 11 11
11 8 12 11 12 11 11 8 8 11 11 0 11 8 8 11 11 12 8 7 12 11 11 12 12 7 11 12 11 12 8
8 11 11 12 11 12 8 11 11 8 8 11 0 11 11 8 12 11 11 12 7 8 12 11 11 8 12 11 12 11 7
11 8 12 11 12 11 11 8 8 11 11 8 11 0 8 11 11 12 12 11 8 7 11 12 8 11 11 12 11 12 12
11 12 8 11 8 11 11 12 8 11 11 8 11 8 0 11 11 12 12 11 12 11 7 8 12 11 11 8 7 12 12
12 11 11 8 11 8 12 11 11 8 8 11 8 11 11 0 12 11 11 12 11 12 8 7 11 12 8 11 12 7 11
12 11 7 12 11 8 12 11 7 8 12 11 12 11 11 12 0 11 11 8 11 8 8 11 11 12 8 11 8 11 11
11 12 12 7 8 11 11 12 8 7 11 12 11 12 12 11 11 0 8 11 8 11 11 8 12 11 11 8 11 8 12
7 12 12 11 12 11 11 8 12 11 7 8 11 12 12 11 11 8 0 11 8 11 11 8 8 11 11 12 11 12 8
12 7 11 12 11 12 8 11 11 12 8 7 12 11 11 12 8 11 11 0 11 8 8 11 11 8 12 11 12 11 11
11 8 12 11 12 11 7 12 12 11 11 12 7 8 12 11 11 8 8 11 0 11 11 8 8 11 11 12 11 12 8
8 11 11 12 11 12 12 7 11 12 12 11 8 7 11 12 8 11 11 8 11 0 8 11 11 8 12 11 12 11 11
12 11 11 8 7 12 12 11 11 12 12 11 12 11 7 8 8 11 11 8 11 8 0 11 11 12 8 11 8 11 11
11 12 8 11 12 7 11 12 12 11 11 12 11 12 8 7 11 8 8 11 8 11 11 0 12 11 11 8 11 8 12
7 8 12 11 12 11 11 12 12 11 7 12 11 8 12 11 11 12 8 11 8 11 11 12 0 11 11 8 11 8 8
8 7 11 12 11 12 12 11 11 12 12 7 8 11 11 12 12 11 11 8 11 8 12 11 11 0 8 11 8 11 11
12 11 7 8 11 12 12 11 7 12 12 11 12 11 11 8 8 11 11 12 11 12 8 11 11 8 0 11 8 11 11
11 12 8 7 12 11 11 12 12 7 11 12 11 12 8 11 11 8 12 11 12 11 11 8 8 11 11 0 11 8 8
12 11 11 12 7 8 12 11 11 8 12 11 12 11 7 12 8 11 11 12 11 12 8 11 11 8 8 11 0 11 11
11 12 12 11 8 7 11 12 8 11 11 12 11 12 12 7 11 8 12 11 12 11 11 8 8 11 11 8 11 0 8
11 12 12 11 12 11 7 8 12 11 11 8 7 12 12 11 11 12 8 11 8 11 11 12 8 11 11 8 11 8 0
