0.0
3.0
6.0
4.0
5.0
6.0
14.0
20.0
17.0
18.0
17.0
16.0
18.0
15.0
23.0
26.0
28.0
27.0
27.0
28.0
27.0
27.0
28.0
28.0
27.0
27.0
26.0
27.0
28.0
27.0
27.0
27.0
26.0
26.0
28.0
27.0
27.0
26.0
29.0
27.0
27.0
28.0
29.0
28.0
27.0
27.0
27.0
27.0
26.0
26.0
27.0
26.0
27.0
27.0
28.0
27.0
28.0
27.0
27.0
27.0
26.0
27.0
27.0
27.0
26.0
27.0
27.0
27.0
27.0
28.0
28.0
27.0
28.0
26.0
27.0
27.0
25.0
26.0
28.0
27.0
27.0
27.0
27.0
28.0
28.0
28.0
27.0
28.0
27.0
27.0
27.0
28.0
28.0
28.0
27.0
26.0
27.0
28.0
28.0
27.0
28.0
27.0
27.0
28.0
27.0
27.0
25.0
28.0
28.0
27.0
28.0
28.0
27.0
28.0
28.0
28.0
27.0
26.0
28.0
25.0
26.0
26.0
26.0
28.0
28.0
28.0
27.0
26.0
26.0
27.0
27.0
27.0
28.0
27.0
27.0
27.0
28.0
28.0
26.0
28.0
28.0
27.0
27.0
27.0
27.0
27.0
28.0
28.0
28.0
25.0
27.0
27.0
27.0
27.0
27.0
27.0
27.0
28.0
25.0
27.0
28.0
27.0
27.0
28.0
27.0
27.0
28.0
27.0
28.0
28.0
28.0
27.0
28.0
27.0
27.0
27.0
26.0
27.0
26.0
27.0
28.0
27.0
26.0
26.0
28.0
28.0
28.0
27.0
27.0
26.0
27.0
26.0
27.0
28.0
27.0
28.0
27.0
26.0
27.0
27.0
27.0
27.0
28.0
28.0
27.0
28.0
26.0
26.0
27.0
27.0
27.0
27.0
27.0
26.0
24.0
26.0
27.0
27.0
28.0
27.0
25.0
28.0
26.0
27.0
28.0
25.0
28.0
27.0
27.0
27.0
27.0
28.0
28.0
28.0
26.0
27.0
27.0
27.0
28.0
27.0
27.0
26.0
28.0
28.0
26.0
27.0
28.0
27.0
26.0
29.0
28.0
26.0
28.0
28.0
26.0
27.0
27.0
27.0
26.0
27.0
27.0
27.0
27.0
26.0
26.0
27.0
28.0
27.0
27.0
27.0
28.0
27.0
27.0
28.0
26.0
27.0
24.0
27.0
27.0
27.0
28.0
26.0
26.0
28.0
28.0
27.0
27.0
27.0
28.0
27.0
27.0
28.0
26.0
28.0
27.0
26.0
26.0
28.0
27.0
28.0
27.0
28.0
27.0
27.0
27.0
27.0
27.0
28.0
28.0
27.0
26.0
27.0
27.0
27.0
26.0
25.0
27.0
26.0
27.0
27.0
25.0
25.0
27.0
26.0
28.0
27.0
28.0
27.0
28.0
27.0
28.0
25.0
28.0
27.0
26.0
27.0
27.0
27.0
26.0
28.0
27.0
27.0
28.0
28.0
28.0
28.0
27.0
27.0
28.0
28.0
27.0
27.0
27.0
27.0
27.0
28.0
26.0
27.0
27.0
28.0
27.0
27.0
27.0
29.0
29.0
27.0
27.0
28.0
28.0
27.0
28.0
28.0
28.0
27.0
27.0
27.0
28.0
27.0
28.0
27.0
28.0
28.0
28.0
27.0
27.0
28.0
26.0
28.0
27.0
27.0
27.0
27.0
28.0
27.0
28.0
27.0
28.0
28.0
28.0
28.0
27.0
26.0
28.0
27.0
28.0
27.0
29.0
27.0
26.0
28.0
28.0
28.0
28.0
28.0
27.0
27.0
26.0
28.0
28.0
27.0
28.0
26.0
26.0
27.0
26.0
27.0
28.0
28.0
28.0
29.0
27.0
27.0
26.0
28.0
27.0
27.0
28.0
29.0
28.0
27.0
27.0
27.0
27.0
27.0
28.0
28.0
27.0
27.0
26.0
27.0
28.0
28.0
27.0
27.0
27.0
25.0
27.0
28.0
28.0
27.0
26.0
27.0
25.0
27.0
28.0
27.0
26.0
27.0
27.0
27.0
28.0
27.0
27.0
28.0
26.0
27.0
28.0
27.0
27.0
27.0
28.0
27.0
27.0
28.0
27.0
28.0
27.0
26.0
28.0
28.0
26.0
26.0
27.0
28.0
26.0
27.0
26.0
28.0
28.0
27.0

