011000110010110111101011111101101010111001111010101111111110110001111011111010111110101100111101111110110100111101111100111101110111110000100010111110111010011111011101111011010110011111101100001111011001010101101111100010111010111011110111001011000101100011111011111110111001111101111110011100110000101100111010101111101101011110111101111111101011001110110100100111001111110110100010110011100011100011000000110110010011101011110101101010000001111011011110111010111100110000111000111111001101011001110100000111011110111100011001011011110110100000010111011101111000111110111011010011111111010001111110011111010001011100011100111100101010000101101110001100100111010100001010010101010010001011101100111001111000
01110101100010011111010100110101110110111111001010011010011000011110011110011010011011000111011111110010110010110100101101000110010011000111011011010111010110010111010101100010001011010100101011011101001011110010101100110000111011000010110010101110011100101110110001011100001111100110010011011001110110101100
0111101000101110001110000101010001111100010010100011010001111100001100011010111001000010001101110011011001101010001010101011110010001101001111101001100111001011110110000011100100110110001101011011011100111110101100000110100101101011011011010100001000111110001011010011100000110110001110011100001001001011110111100011111011111011000110110100111010010111111000010011011100110100
001100111000111100011010011000101111001101110000111101001001011010000011010110101010000110100001101010011110001101001000010100000110010000111001010110110100010010010011010000111110000100110000110101011010101001111100010110101001000010001000100001000110000111110000110101001011010010110001000101001011010011011111011001010101001110011001001100000110010
100001001000101101011111001011111011001010010000111110000101110000110010000111010011000001010101101000111010000110110000000110010110001011101001010101000001010011001010101000111010011001100001001011010110000000111101000100001011101110001101101100100011011110100010101100011110111000110101011011011000111001000011011010101110011001011000110011011000100
000110100011100011001101101001111001011111000011111010011111100100111001100011111011000000000110101001011001010100101100100101010011110011010101001010111100110100011011011100111101001001110011001001000111000010011000000110110010001010001100100100110000001100111011011101011000101
101101001011101011011010111000110011011101110011110000100010010011110010001100011000110000010010000000100101010100101011010011011100001010001000000110111000111000101010100110000011000110110000111100000110111011000000011111101011110010000110111011010010010011111011000101000111001001001001100110011001101011101110100000101100000111000100110110010111001000110111000111001010011001
000100111000111111001000001001000011001100111100100100100100110001001101100001101011000100011101010101101110100010010000111001000111011101010100001101010100010001010001000110010001101101001001001111000111101001101111000111000000101101011110001011001110011101001100011101101111110
000111010100001101000101011100010111010101110011110001011011010110001111000110110011010011110111101001110001010011000010001000001000000110011101101100010001101100010011111010001001010011111000110000011111001010010001001001010010011000010011111010001010001010010001001011111000100000101111000111000000111100111011010010011011010011101
111011000001001010111010010000101101001010011101001100001001110100010100100010110100011000110110001001000101110110011000101101110010110000111010110100011011111111101000110000111101001111111110001101010110000110111110010010000001110000011101010011100011001110001111000100
0000110000001011000001100010000110001010011000110001001110010010011011011010000001001000010110100011000010100101001001100010011001001110010100100010000110101100010101010001110011110011001111000011101100001010010101000100000110001100001101010101001000001101101100111001110101010101010000000000001110000001011110
010111110000101100101000000001011000100101000000000000111001000010111101111100100000101110011001001100010010100010011110000111100001100111011000001111100010100000001100010001001111001110111000111000010011100011011100110100010010000110011001000011001100010110000110111110001110001101101001000011110111011010011000010010110000111001011101001100011110100010110111
00010101110000101001000101001100010011100011111100000011111000101011110010011110011100010001101100110110000011011000101000001110010000101100010010111001001110010101111100010000000000010000001000001001000100011001111000010111010001001100100100101000000000111001000010110101101011010001011101000011100000010100000000110111000100101101011001010001011011001001000010010001110001001011
001010011010001010000001101010000011010001011011110110001010000110000001110101000011001011001111110100011111001001010001000011100110001110000101110010000101100101001100000011011011001111110101101110010001100011011001011000110111111000011100001110000100001100000000110000010011011010001010010011111101
001001101001111000100011101110000011111001000101010011111100010110101001100001010000101100010111011100010011100010001100011100111101001000000110100010010010001101001001010011000110011101000101010011110100001011100011111100111111100100110111100010110100100111100000100000000010111100001010100000101101000011110000100110110100011100
00001111010000011010000110100101110011110000010000000010101000001101110000111011000101010100010110000010110000000000000001000111010100110101000101100100100111100000011010010101000000001110110000111110100000101100010110111001110101000011001100100111100011010111011001100100100111100000011100000001110100001000100000100010000011111000000111100000010110000111110000000111010000010111000001011101001101000000111101000101000100011100100010101110000100011100111111110000000111000000100000001001001011010000101101001010000110000000101111000011010110010110010001011011011111101000001101110111111100011110011000001101110000101110011111011010001010110100010101100110011101101111100101101110
01010101010010101111001001000100001101010001110111101100001101011000000101001111010001001001010000110001011001000010111010001010000001010100011011001101110101101010100000000011111010101000101010100100000110110100011000001000110110101000001100111111110010110000101001010101001000100000101111
0000100111000010000001110000000001010000010011011100010011101100000110100001111000010011101000000000100101010001100110000110011010001001000000011100011100000111011111001100010110110001011111101110001000011100010100100110000010010000000001111011000111101100100100000101100110100100
00001101101000111110010110011101100110100110110010001011001010111001100010010001100111011000010011100000101011011010110100011110100000101010100110011001011101000111110000000011101100010001011001101110001110100100001001101000100101011001110000001101100001111100000010000000001100100000101101000011010110101011110001010010110011111010000111000000001001
11001011100110011100001110001101000110100000010110000110101100011100010011101100000111101010100110100010001011001110100100001111110001011110011001110011000000100011101111000011100000001010010000111110000110100101000001011001101101100101010010011111110010110011001000010001111011001011000001
001100010111001101100100111010100101010000001100010101011100001001100110000111001011100001000010110011000111100000101111011001110000011111111011000000001000000010000100011010101011010001101000000111100110011001001100010111000101110100000000010000100110111010110001100100000011011100011001100100100011110110000101111100000111011110
00111011110000111011100011110110110100010001001011001100100100100110010001010011000100001000001101001010100111001000110100011010010111011000000101110000011010011110001100100000111010011100101001010011001011000011011000010100001111001000010101101110011001101001001110100110000010110000110011
00001100110010110000101011101101000010010000110000000010110010101101110100011011001000110100010011010010010011010100111000001010010110100011001000110100001110110001011000001111111110101010110110001111000011000101001001010001000101001000011111011000100010110101
01111100111101110001110011011100001110101001101011100011100010101111000011111100010110000000001010010101100011100111100101111001100010010000011000000100010011000100000011110101110001101101110001001110111011000000100011000000111110000010010110010010100001100001011000111101011111101110000001100110011001011001001000100111001101101100001100000110010001001010100111001100000000110011
001001101010101010001110010011101000101001110001101000011111011011010100001110011100001101011101011110100100110010011110011110111011101100110100000111011000110101000010010001011100111101100100001001010101100110110101111000011111000100101000100110000101101001110110000101
100110110110010001011110010011010110010100010110001101101111011011001110111111111010100101011010110011011010001001001100010000011101100010010111010110001000001000101101001110011110010001001011100100011001000110111001010000101011111101011100011111011000110110111010110010
0001001011000000111010011000111100000100011000001111010000000110010111001110100110011100001001000110110011100001000000100000101101110110100011001001010001000100111100001010011001110010011010101111010000101110000001111010000011011110100011011000100111010001010010000011010001101110100101000001111100010101011101000101001
000001100110111111101101100001101000001111100000001111100000011001000001011100101010111101000011111011110100100010110000001010111011001111100000000011001001110101000000010011000000011100001110101001000100101000100111101000010010001001011001100100001001000011101001011110010100000010010101001010100000101100100000001111101000011101001001111010011100111100011111100
0000111100010000011000001001001000010011011000001000111010010111100100010001100111100100000010001010010000011100110010100000110110110000111110000101101000100011000000010100011010001100100011101000000000100111000101001110001100111000010101000100010001000010010111110101001000000000110111100000100100011001000100001010000000001000010100011011000000110010
0100011100000001001101000111110000011000010101011100100010111000110000110101100010011000100000000110110001100000011001011001100100100010010001100011001111011111010100011101011100011000011000001111000010010100001001010101100010010100011101000100111001111000001110110010011000000110000101001010001110010111111000001010010
00001110000000101100100001101011001111101001100001011010010100001100001111100011111101100011010001100010110010001001100010010101110000011001101011010100110000100111001111111001100000101100110100101110010011101000111010010000001111100101110011
000001101000010111111001110000010010110101010100010010000100101011000100100000111000000000000100101000100110110000000000100110101101000001011100100000101100001110001000010011011001000100101110001010001101100111001000100100111000111001011111110000101101100100101000100011101111000000001101010010010000111010010010000010101101011101
000001111000110011011000111010111010010011000001011001010001100110000001000010111001000100100011110011110001000111101001100010100110001000101111001010111100111110000000101001111001000011000010011001000111010000010000001101010011111001011110111000000011001100000001
001001110101000000000000100000011000110110000101001001000111000111100000011110111001001101101100001010011001110000101101000001111100011100101101000111111001010001110011110100000001001000100111001001000110110110011011111000011100100010110100110100010001101111000111001101001110001011001001101001000
00001111010010001100110100100011000001011000010001000010010111111100001010011100110000010111100010101000100100010110000000000100111100111001100001001000110000010111001110100100010011000010110100011000011111111010101111111001111111100110111011000001100100000111010100011111000010101011100101011000001111101011
0011000000100101000110000100101110001011100001001000000001000011010001111101100010101110
0111110010000011101001010101010100101101000100110000000000110101000001110010101110110100001011001110101111101001110011011000001110000000100011100101111000001101111101010010100010000010110011010111101001010011100010100111001010010001000000110100001011011001100010110011101101100110000101
0011101001100000111000000110001110011001000000011111001101001111000011010110101011010100010010011010000011100000001011010000100111100111100011101100101110000011001001001010110100101101001100110101010000011011001110100100011010110110000010101100000111000000001010100000011101100001110101000010110111000011110101000011110001101100110000010001100011000101
00011010101011111101000001011001000000010000101000000101000000100000000111110000000110101000111011100001100011010110000100010010111000000111110000000000100000001110001011001111010110010101000111001000101111110010001001100000101000100110010011011000000111000101110110011000001001101001010011000010110100010010000001101011000010100000011010011
00010100110000000101010001110101100001001100000011100010000001111101010101111011101010010100110111101001100010000010110110011110111000010110010000001001000000001110001111010011001110010100000011110000001000000101011111010000001000110001110010101010001000011000010100001101011100011110011000010101100011000111011111111100001100000000101100110
0110110111100010110010101001000100000011110110100100100101100001000001110100100000011100001011101001011000100110110001011011001000110001001101100000011111010100111010011000100100110001011001110000110010110100010000100000101001100100000101100101011000000000111111000001010001101101101100
00001100010100000011000001110010010001100100001100011111001101010000110001111000010010100000010111100001111010010010101000011010111101100110000001100011010101100001000011110111000101100101000110101100101010000000101011100001011110000000111000000001110001000101000001100101011011110111100100101010001010111011011101111110001011111100010000001
001100110110100011000000010010100000001101100011110011000011000101001011001101010101010101111011111010101110110010010010100011000101000000110010001000110101111000011011010111101011010010000011111000000011011100011101111000101100110101001111100001000100000001010011100010101010001001111001000000001011100011110001111001001000111011
0001010011010111001110000001100100010100001110101110010000010110111011110011000001010010011101101001000010100000011101001101101100111000111001010000100011101101010000010111101110000101011010010010101010010010110111010111001011010000010100001001001010010
0000111100101100011001101000010010010110100000011100101000111000110100101111110110100001001100111001001101101010000010110001011111100000100010100111110011001000000000110110101000110101011010001011110000101100101111101011000111100100000011101000001110000
0000010011101010101000101011000000000110100110110011011010011001100111110001100011010011001001100010001111101100011011000000011100010101001101100010101011101111101100011011001100101100101100010100010001110100101101110001010000111100001011101100001011100000010100000011100000000111010111
100000000100111111010000101110110000111011010001110111101101011100010001001011010111011000011000100101101110101100000111110000100111000001111100000000110011000110001000010010110110000011100011011011000010110110010111111000001010000001110100000000101110010000001100011011110110010000011000011010010001100001100100101100101010111100
0000101101011001001010011000011111010110001100100100100001010011111000110110100101010011010101111001011100011110000111001000001100010011000010101011101100000001011011011110001111000101011100010011010001000001001111101011000001101001011011101100011111111100010010010100111000110111010111
1010011100110111000000000001111010001001101100000001101101001110010011011001100100001101100000110010001110101000010010111010111100111001010001001100101000101101110000000101010000001011011001000111010010010001110001000010000101000101000100010100110011000000001011000001001101100000011110011000110001100011110100101001001
000001011111010100000000100100011000010111110111011100000011111000011001101110011000111100010110000100010000111101000010010001000111010001101100010000011010110000011010011010010000100000000000111010100110110111100011110001011011101011011001011100100000010001110110011110000111000111100111000111001001011110000001110111100001010111
110000111010010011111010011011001110101000111001100010000001011001000001101000000000111010101011010001011001100111111010010001000010011010111010001110111000111101001110100010101100011111110110111011100000001001000100011100011100101000010000011011010110010010010111
000010111111000001110100100000011000001011100001010100100010110001110100111001011010110011000110100001100100110010000001110010010000000001110001001001001000010000001001111111000000000111100000100010110100001110110001100001000011000110110001011000011001010100101110001101110101001010001110000011000
0011000100110101111000000011001010000100111001101000001001101001000000011001111001111011000010100110011000010100000110111000110111010001111100000001010011010111001100001100000111010111010011110100010100011011100001011000000011010010001001010001011000000
0000010011100000011111011000101010001001111000000100100101011010010110010010000010110010110010001000011011110100001011001000001101110111011100001010001101110111011000011111010000001000110000010101101011110100000000000011000111111000011000101100111000000000110101010100110000000100110110110011001010000111001000010010000
0000111010110011111000000011010100100101010001111010101011010110100000100101101101101010110111111111000100010001100101100001000011010011101011101111110000001000000000010111111001110100011001001101001000011111000001111011001101100100101000010011010010000100100101100101011000001100010010000010110100100001100000011000011
10101000100011101000010001000110111100010011010100010100100000000111100001101001011001101110010110101010111100111001100000000011001110001110000001100001010000010100100000001010111001101110011010011101001001000100001010110000010110100011010101000100011010111011010001110100100100100001001100010111110101110100
000110001011000000010010111011011010100110010000101100100100101110110001100010010101100001100110001000011100010000011010010001111011001111001101010010011100111100110000001011001001110010001111100000000110100110101011101101001001110011110000001011110100000111001111110100011110010110000000001101001101010011110001010001000011111101
0000000101000100001011001110000001101000000101110111100000100001011100010111010100110011110010011100111110110101010101111000011011111101010100100010011100101010001011001110101100110110010000001111010101111100001011100111110100111100101111100101000100011010011000010110001000100010101001
1101010101001111010001000100000010011000111110000101101111000100110011000100000101001000111001101010000110001100000111101011110001011110110000000010110001101011101000101101110100110001110000010111001011000101010001111001101100010100100110001100101100110011010000010100000101111001010000
00001101100000101100101100111011001100110100000010110000100010100001110100011001011001101000100000011001010100111100000011000011101000010011110111011000100001110101000101110100100001010011111000001101001100110010001001001101010000000001100100110010010110100000001011001100001
10100100110101110000111100101101101001011111000111111111000011010100101011001101010011001000101011100010011011000000101010001000110110001101001000111001010101011110010000010011101001011011111001100000000101101000001111101101011000110001011110001100110001011100000101110100001
111100001001111000011000000110011110100111100001111101111010100000000010110110010011111100010101010001101111101010010011111111001111000011100100000101011000001111101000011111110110100010000001001110001000011010011001100111110010001110001110001000000110011000111010001011000000001011001010111001110
00010011001110110110100111100111111011111101000001110110010001010100001010111001100011000010001101010101011000111000011110110000100000011110010101011001011011011011100000111110011011100010000101111100100010011101010000110000101100000000110110011001100110000101001000000110000110100111101101111110001100000010
001001100111000011010110011000011001001111110100000100100101000011110111010000000010000111101111000110010110001010010010001010010001011001010011011110001000000110001001000101101111001010111011011101010100001000010100000110100011000110011000000010010000000001011000011100110011010111100111001010110010
000101000010011110001111001001011101001001100001011110010010000111011110001110010010001101111101001010010001010010001011001001110001001000011100010000110011010110100111001100110111011010100000000001010111010100010011000011010101010111110001001110100011000001110001011110100100011111010010010101110110010101010100
000011011011000100000100000010000000000100110011001100110111001111011111010101011011000011101001010001000111000000001110001011100111001111001100010001111001000101111110000100110000010001001100011101000110000001000111010101000110011010010000011111000101
000011010110001110010011100000010101001000010101011001010011010000101011001100101011000100010111001000100011011011001010000111010111000001001001001001011110011101011010000011110011010000010111000100000110010000110010000110001111011010100110000101111001000111110011011011000011
000010011010000000000100011110000100011010101111010010001111001110011001010100011111011101101110000011111000100000001101000010110001100000100110001010011000000001100100010101101101000101011000010101110000000001011010000011100101001111011011000011001011001110111000
011010101001000000010000100001101101001101010000001101101100010011100010000110110010011000101101000111101110001101000000010001111011001001101000000110110011000000100100000000010010010110001000000100010010010110001011010010101010000111101111010000100001001101101010
010011010111000010110000001110111111001101000010010101101111001001001111010110111001010001110111001011110110000011111111000011000111010100000010001011100111001001010011011101000001001010101111000100111000010001111111010101111100001001010101000110100001000000101010011001001000000111100001000001001011100010000111
011011111000000000010101001001110110000001111010000000101100011011100110000001011000000000011000000110111110001110100011011011101000000000010001000100101110011010010000010010010011000010001101010010010011000110010011010000001000010010011011010011100111010001001100000011111110011011111111001001010100001101010110001111101011010101011111
001101101111010111111100010001000100001011110101000101010100100010010101000001000110100010010111000011111101100010100111000000111110100010000111000000011100001011001000000010110010000000100000010000011101000101111001000001100100000010100110100010111010001101101010000111100100000000100000010010101011001100101001010101100001010111100111
000100000110000110110101000001101010001111010000010100100111011000000111000001000111001110111000001111000000001111111010001000011000011010010000010000101011010001001001100010011011000001010000100000011101000111111100010000000100010010010110000001010010011100010011000011001011
011101011000000000111101001010011100000111110010010000100010010001101001011100001111000100110011000000100100000000001111100010001001000111001011000000110111000000101010
011110000010001101111101000010100011011000101000010101100011010110100111000010101110001000011110000001110001011011110001010001110111011000101011010110011101010011011000000110110110000110111000000101111011001110100101011011000011000000011001001010101011000100000111
000001000110100001010110001101101100001111101110011111000011001110010011001010010000010100100110011000011010011011111110000000110001000101101111000001110011010100010011001010101111000100000111000000111001010010011011000001100101000110100011000010010100011010010000100011000111010000100101
011001010001100100101001001100010010000101101000001111000010000001011000000101100101011110111110010100000100010010011110000000110010000011101101000110010100001110011010001001111110010100101011000010010000001111000101000001010101001000110000100001111101011010011010100011010000000000010010100011010010000001111100001001110001
001010010001010110111001010000011110010110101011100011111101010110100111100011001000000010001000000001011011000001001001001000011111000011000111000011010011100100111011001110101011000001000011100100100001010010100011001100110001011010110011000110110111010100101011001010101111100010010011
001101101010000100111010010000100100000100011001010110110101000101101001011101111111000101111000001101000101010000010010000001110001000010100000000010100010100011110001010111100010010101001111011001100101011001111110010100101111100000110101011010001011
000101010101000011100001010011000011001111001101011000000001011110100000010110101010010011100111100000010111100000100011011001011001010001101100000101010010011110111000000101110100011110111010100110001010011001000000000100011010000000010011010101010010000110111110
000101011000001010000010010101110001001101101100000101111110000001110001100000001001000001001110001100100111100101110011010110110000100000011101001000011101000001011110
100100000111000011100011000111110010000001010011000101110011011101001110000101000111000101111000001101111100000001111000000110101101000101101010000101000000000011111100100101111100001000000001001110010011100000111001011111011110010000010110001110110011000001100111
001100111110001000100001000110010011010100111001000001010001010111101000100101000111011001100001000011100001000111100110000010111100000110101111010001011000011001100011010111010010011010001010010100001101000101110100010111010100000100010111001001001000011111001111
010011000001010000010011001100110001000110010001000100000101000111010100010111010000001100101010000010001101100101101110001010001101001010111110001100011110011011110110100011010000000000011101100011010010001000000111000011001011000100000111010111011010011010010010
000000110110100001111111011101111101001011000001000100110000000101111000010110010111000001110001000000001011011100101001000001011011000000010101011110011100000110110010000000100100000000011101000000011101000000100100010001110010011000110100100011100100100100010110000110110001011111101010011100011000000010100001000001010111000001101110100011000100011010001110011100000100010100101110010101100100011011110111100111110010000000010111011011101000100100011110010100101111000100000111001100001100011000010011100111111011010110111011100101011011000110110100011111111001100001111110
001111000101011111111001010010001110000001111110000010000000000000110001001000011011100010101110011111100001011000111110000010101110011001010111000110110011101000010100001101000101001011000001000101010110010100110101000110110010100011100111000010110011000010001100010100001100
000000101000000100100110001001001000000100001101001010010001001110110100011011000011011101101100001101100100100001000011000010000010001110110011001111010001010100000100100101001111011101011010100100110011000100011001000100110100
000010010000100110110000000100000011101000010110011111011110000111111100001010010011000001001011100001110000001110001100000111000000000110011001010101001100010010111001010010111100011000100101001001010000000001111010
000000100111000000010011001111111100001001100011100010100011001001010111100011101000000111100100010001111001100000000110010011111111000011010011100110011001001111001101000000101111000100110110100010100010000010110010000011110101000001001110000000100100000000001000100100000011011110010110
100100000110000000000101011011011001011001111011001000100010000010011110001001001010100000100110001100011100000111111100001011100110000001101100000101101111011001000111010011110101100001010010000011101001010000100000000110110000001111101111
010001101001100111110001011011010010001100111001010000001110000110011100100111100000010100111000010101010110000000011110000010010000000010011000011101000110011000110010000000011000001001011110000001000101010111000110000000111110100010110101000000111010000001100110001110000001000001111100011001110011010000001101001001110100001101001111
000100101000011001110011011100011100000101100000000100001101001010011100001011010001010110110100000000111110000000001011011011000010101010001101000001101010001010110000100010101110010011011100000001011000000000010000000110011101000000110111001110010011000000010011000111110110001110111001011010011101000110010000100001100000011000111011000010110010100100100011
000110010011001010000101001001001011000101101000001000100001000001010001001101110010000100000000011111111111000010000110100011000010100010111110000010110111
101001001111000001001010100101110010000111010011000110000101000001000010100100110100001110110101011101111001000001010110100100110100101001011011100110011011000100110111000011011011100111010010100100010010000011111110011100100001
000010100110101010110100010111010010001001010110001010010110000001000111101000111010100101010111010000010010011111000010101001011011100100010000001011000000000101100110000111101110000010100000001101110111010001001100101001000000000010010111010000011100
001001101101000111100110011110001010000011110010001011100100010111110010100000101001010111010101011111000110000101011010000101101110001001010000001001110110001101101011100000110111000110001111001001000000000101101011010111101100000001011110101000101000001101011111
100100010011100100111001100011001111001111110001010010100000001001101001000111000111001001100001000000111001001000101111001011110110000101000101000101000111000110001001000110100011101011011011000010001001000010111100010010001010011101100100000110000110001001010010000010101110
001100010111100001000101011001100011011010000001100111001000101011011000011111110100100011101001000001000110100001111110010000010011010110010100001001100001010110010110000000110100000100111100001101000010000111011110100101100101001010110000101011111101100100000101100101101100101100011000
000001100111010111011000000001011001000001010011001000010000000011111000000101001110000100001001100010010010000000110101100111000111000001011000000110101111000011000001000110000101000111110010001000110000010000001011010010000010000111010111101001111000000010110111
000000101000100110011100100100011100000001000111000010110010001110110011000110110111000111111000011001111011000001101011011010111110010100101111000010001100001010001010011101000010000000110111000100110001000100000011100111001101011100100001000100100110001001001100000110101101001000100101000000111010101011000001000010011100010100111010000111010101000110110001000001010010001110111000000010101111001110100100000100001011000101011001100111110110001110100100100111111000000111010001010110110011100101111100100100010011100011111111000001001110100011010010
000010001100011000001101100101110010000100110111100101110100010011000101011011100000011111000010001100000110011011010000100101101111001101101100000100100110000001101001011100011011001100001110000101011010000011000111101011111000011111111000000000111101001111111100100001110011001100000111
000011010110000101110100101100111011000110001010000010101110010101101111100110010100000100101110010100000010000110010000010111010100001011010001010100010000010011101111000101101101000011111011101100011010011011110000100001011100101101000111001001010100001100000111000001001111